
12190476	1.0240
1.0248
1.0249
1.0246
1.0247
1.0245
1.0247
1.0216
1.0246
1.0247
1.0247
1.0256
1.0245
1.0240
1.0246
1.0247
1.0245
1.0215
1.0246
1.0245
1.0247
1.0242
1.0216
1.0246
1.0249
1.0214
1.0246
1.0246
1.0247
1.0254
1.0250
1.0246
1.0247
1.0221
1.0247
1.0244
1.0246
1.0249
1.0247
1.0249
1.0245
1.0247
1.0239
1.0247
1.0243
1.0248
1.0253
1.0246
1.0250
1.0247
1.0249
1.0247
1.0246
1.0254
1.0250
1.0246
1.0250
1.0244
1.0248
1.0241
1.0219
1.0239
1.0249
1.0247
1.0246
1.0248
1.0245
1.0248
1.0248
1.0248
1.0247
1.0246
1.0243
1.0250
1.0246
1.0246
1.0247
1.0247
1.0246
1.0246
1.0256
1.0247
1.0241
1.0246

